0.028488
0.050043
0.052926
0.070086
0.062668
0.087589
0.078577
0.017227
0.042233
0.045295
0.03648
0.019599
0.100915
0.027342
0.074605
0.026489
0.049922
0.030604
0.016345641
0.0154363
0.030529
0.024525
0.023953
0.026038
0.048948
0.024314
0.015166
0.03572
0.048818
0.021980006
0.1244
0.036
0.016321
0.01673
0.0275
0.021793
0.01645
0.023208
0.036457
0.019264
0.017605
0.031528
0.023536
0.016743
0.05371
0.016991
0.027865
0.017173
0.029955
0.016559
0.015
0.0544
0.1561
0.0393
0.1241
0.1441
0.1299
0.0784
0.0583
0.0309
0.0406
0.0152
0.0224
0.016
0.0362
0.0173
0.0312
0.0221
0.016
0.0249
0.0303
0.0283
0.0152
0.0345
0.036
0.0248
0.0292
0.0163
0.0187
0.0195
0.0256
0.0337
0.0546
0.024
0.0336
0.0341
0.0261
0.0211
0.0321
0.0221
0.0334
0.0341
0.0421
0.0576
0.0205
0.0402
0.026
0.0259
0.0239
0.069
0.0651
0.0229
0.0315
0.0215
0.0255
0.0325
0.0843
0.0308
0.0327
0.0423
0.0684
0.0153
0.0233
0.0491
0.0425
0.0192
0.0308
0.0212
0.0277
0.0335
0.0208
0.0173
0.036
0.0233
0.0589
0.0583
0.0688
0.0321
0.0522
0.0308
0.0329
0.023
0.015
0.0321
0.0643
0.032
0.0209
0.0219
0.032
0.0151
0.0192
0.0266
0.0377
0.0247
0.0242
0.0366
0.0229
0.0312
0.015
0.0341
0.0251
0.0189
0.029802137
0.032134017
0.027568726
0.046967335
0.018315232
0.080048144
0.024185299
0.015027043
0.028396027
0.044976673
0.032912371
0.075350112
0.020374725
0.022971168
0.026809197
0.017931283
0.048392195
0.056683367
0.063864084
0.146290296
0.129278207
0.102715034
0.24250468
0.298409274
0.043718911
0.113042645
0.256475743
0.29558555
0.380359487
0.145668547
0.273454769
0.297518834
0.378965802
0.380416514
0.30175503
0.348345021
0.085689459
0.260586108
0.215543321
0.117625329
0.18221824
0.357507357
0.141787999
0.260533477
0.232781107
0.151857895
0.093908632
0.286618707
0.194316512
0.147025138
0.211586982
0.18011978
0.263491027
0.19214998
0.338802609
0.117277363
0.142404652
0.160861855
0.288418345
0.1228289
0.263647951
0.126473162
0.172742231
0.163795895
0.249511055
0.257740304
0.10671234
0.159889938
0.204979685
0.244378877
0.248508131
0.228528474
0.085854644
0.061835765
0.277853423
0.275440197
0.155247328
0.330512449
0.361934309
0.330634628
0.144621086
0.389288788
0.173910057
0.300312696
0.116348503
0.218585189
0.119671538
0.154632097
0.408319092
0.177600695
0.250667631
0.251740186
0.391599213
0.128726735
0.399601335
0.309492645
0.170628397
0.278924676
0.308580866
0.185812447
0.066440312
0.316429845
0.257497888
0.298777444
0.270434443
0.279454733
0.292469756
0.188853175
0.26576248
0.124273529
0.182548913
0.312883364
0.309547337
0.089019429
0.402459619
0.20061172
0.326396483
0.211629598
0.179685641
0.093149403
0.302401621
0.108638266
0.085696117
0.20260868
0.196716069
0.126687989
0.214568259
0.320446989
0.218347445
0.189706567
0.092936818
0.379662294
0.210938395
0.366602899
0.420926821
0.258028271
0.183568405
0.212548765
0.360034212
0.393974478
0.114712621
0.143705907
0.25248606
0.387297107
0.348583858
0.25549062
0.216582822
0.43
0.62
0.57
0.3
0.38
0.43
0.24
0.44
0.5
0.97
0.479
0.83
0.416
0.581
0.45
0.579
0.32
0.657
0.43
0.472
0.374
0.18
0.55
0.592
0.172
0.526
0.763
0.58
0.43
0.45
0.656
0.495
0.49
0.57
0.388
0.45
0.48
0.615
0.4
0.655
0.498
0.465
0.453
0.425
0.514
0.423
0.859
0.936
0.528
0.978
0.885
0.815
0.698
0.568
0.711
0.3396
0.3965
0.812
0.799
0.882
0.833
0.874
0.772
0.178
0.26
0.186
0.269
0.215
0.543
0.75
0.64
0.43
0.64
0.497
0.44
0.355
0.78
0.54
0.86
0.468
0.84
0.96
0.8218
0.93
0.451
0.61
0.83
0.707
0.415
0.557
0.791
0.695
0.633
0.2486
0.532
0.331
0.346
0.961
0.613
0.3402
0.983
0.71
0.73
0.47
0.62
0.521
0.369
0.571
0.604
0.9271
0.285
0.2912
0.548
0.868
0.496
0.811
0.756
0.817
0.752
0.5516
0.3578
1.01
0.741
0.43
0.526
0.592
0.905
0.949
0.4607
0.3709
0.8
0.679
0.5817
0.55
0.81
0.95
0.3373
0.91
0.263
0.643
0.691
0.357
0.721
0.581
0.6268
0.818
0.4627
0.449
0.688
0.87
0.5043
0.591
0.426
0.329
0.583
0.519
0.401
0.205
0.34
0.436
0.363
0.436
0.309
0.342
0.159
0.332
0.469
0.239
0.352
0.612
0.631
0.645
0.429
0.497
0.539
0.561
0.41
0.412
0.599
0.619
0.422
0.54
0.401
0.218
0.633
0.383
0.302
0.34
0.51
0.421
0.399
0.493
0.687
0.687
0.495
0.603
0.421
0.348
0.213
0.344
0.271
0.564
0.274
0.181
0.582
0.68
0.401
0.416
0.286
0.562
0.266
0.314
0.581
0.463
0.341
0.631
0.522
0.368
0.309
0.528
0.216
0.284
0.508
0.781
0.613
0.278
0.477
0.95
1.057
0.816
0.455
1.02
1.14
0.854
1.37
0.975
0.97
0.74
1.39
0.46
1.02
1.12
1.23
1.19
0.839
1.01
0.521
0.475
0.95
1.3
1.305
0.216
0.735
1.14
1.307
1.265
0.67
0.64
1.34
0.84
0.935
0.953
1.124
0.552
0.671
0.511
1.03
1.192
1.092
0.974
1.11
1.35
0.85
1.241
1.414
1.188
1.017
1.315
0.821
1.215
0.623
